0 1
1 0
0 35
35 0
1 2
2 1
1 36
36 1
2 3
3 2
2 37
37 2
3 4
4 3
3 38
38 3
4 5
5 4
4 39
39 4
5 6
6 5
5 40
40 5
6 7
7 6
6 41
41 6
7 8
8 7
7 42
42 7
8 9
9 8
8 43
43 8
9 10
10 9
9 44
44 9
10 11
11 10
10 45
45 10
11 12
12 11
11 46
46 11
12 13
13 12
12 47
47 12
13 14
14 13
13 48
48 13
14 15
15 14
14 49
49 14
15 16
16 15
15 50
50 15
16 17
17 16
16 51
51 16
17 18
18 17
17 52
52 17
18 19
19 18
18 53
53 18
19 20
20 19
19 54
54 19
20 21
21 20
20 55
55 20
21 22
22 21
21 56
56 21
22 23
23 22
22 57
57 22
23 24
24 23
23 58
58 23
24 25
25 24
24 59
59 24
25 26
26 25
25 60
60 25
26 27
27 26
26 61
61 26
27 28
28 27
27 62
62 27
28 29
29 28
28 63
63 28
29 30
30 29
29 64
64 29
30 31
31 30
30 65
65 30
31 32
32 31
31 66
66 31
32 33
33 32
32 67
67 32
33 34
34 33
33 68
68 33
34 69
69 34
35 36
36 35
35 70
70 35
36 37
37 36
36 71
71 36
37 38
38 37
37 72
72 37
38 39
39 38
38 73
73 38
39 40
40 39
39 74
74 39
40 41
41 40
40 75
75 40
41 42
42 41
41 76
76 41
42 43
43 42
42 77
77 42
43 44
44 43
43 78
78 43
44 45
45 44
44 79
79 44
45 46
46 45
45 80
80 45
46 47
47 46
46 81
81 46
47 48
48 47
47 82
82 47
48 49
49 48
48 83
83 48
49 50
50 49
49 84
84 49
50 51
51 50
50 85
85 50
51 52
52 51
51 86
86 51
52 53
53 52
52 87
87 52
53 54
54 53
53 88
88 53
54 55
55 54
54 89
89 54
55 56
56 55
55 90
90 55
56 57
57 56
56 91
91 56
57 58
58 57
57 92
92 57
58 59
59 58
58 93
93 58
59 60
60 59
59 94
94 59
60 61
61 60
60 95
95 60
61 62
62 61
61 96
96 61
62 63
63 62
62 97
97 62
63 64
64 63
63 98
98 63
64 65
65 64
64 99
99 64
65 66
66 65
65 100
100 65
66 67
67 66
66 101
101 66
67 68
68 67
67 102
102 67
68 69
69 68
68 103
103 68
69 104
104 69
70 71
71 70
70 105
105 70
71 72
72 71
71 106
106 71
72 73
73 72
72 107
107 72
73 74
74 73
73 108
108 73
74 75
75 74
74 109
109 74
75 76
76 75
75 110
110 75
76 77
77 76
76 111
111 76
77 78
78 77
77 112
112 77
78 79
79 78
78 113
113 78
79 80
80 79
79 114
114 79
80 81
81 80
80 115
115 80
81 82
82 81
81 116
116 81
82 83
83 82
82 117
117 82
83 84
84 83
83 118
118 83
84 85
85 84
84 119
119 84
85 86
86 85
85 120
120 85
86 87
87 86
86 121
121 86
87 88
88 87
87 122
122 87
88 89
89 88
88 123
123 88
89 90
90 89
89 124
124 89
90 91
91 90
90 125
125 90
91 92
92 91
91 126
126 91
92 93
93 92
92 127
127 92
93 94
94 93
93 128
128 93
94 95
95 94
94 129
129 94
95 96
96 95
95 130
130 95
96 97
97 96
96 131
131 96
97 98
98 97
97 132
132 97
98 99
99 98
98 133
133 98
99 100
100 99
99 134
134 99
100 101
101 100
100 135
135 100
101 102
102 101
101 136
136 101
102 103
103 102
102 137
137 102
103 104
104 103
103 138
138 103
104 139
139 104
105 106
106 105
105 140
140 105
106 107
107 106
106 141
141 106
107 108
108 107
107 142
142 107
108 109
109 108
108 143
143 108
109 110
110 109
109 144
144 109
110 111
111 110
110 145
145 110
111 112
112 111
111 146
146 111
112 113
113 112
112 147
147 112
113 114
114 113
113 148
148 113
114 115
115 114
114 149
149 114
115 116
116 115
115 150
150 115
116 117
117 116
116 151
151 116
117 118
118 117
117 152
152 117
118 119
119 118
118 153
153 118
119 120
120 119
119 154
154 119
120 121
121 120
120 155
155 120
121 122
122 121
121 156
156 121
122 123
123 122
122 157
157 122
123 124
124 123
123 158
158 123
124 125
125 124
124 159
159 124
125 126
126 125
125 160
160 125
126 127
127 126
126 161
161 126
127 128
128 127
127 162
162 127
128 129
129 128
128 163
163 128
129 130
130 129
129 164
164 129
130 131
131 130
130 165
165 130
131 132
132 131
131 166
166 131
132 133
133 132
132 167
167 132
133 134
134 133
133 168
168 133
134 135
135 134
134 169
169 134
135 136
136 135
135 170
170 135
136 137
137 136
136 171
171 136
137 138
138 137
137 172
172 137
138 139
139 138
138 173
173 138
139 174
174 139
140 141
141 140
140 175
175 140
141 142
142 141
141 176
176 141
142 143
143 142
142 177
177 142
143 144
144 143
143 178
178 143
144 145
145 144
144 179
179 144
145 146
146 145
145 180
180 145
146 147
147 146
146 181
181 146
147 148
148 147
147 182
182 147
148 149
149 148
148 183
183 148
149 150
150 149
149 184
184 149
150 151
151 150
150 185
185 150
151 152
152 151
151 186
186 151
152 153
153 152
152 187
187 152
153 154
154 153
153 188
188 153
154 155
155 154
154 189
189 154
155 156
156 155
155 190
190 155
156 157
157 156
156 191
191 156
157 158
158 157
157 192
192 157
158 159
159 158
158 193
193 158
159 160
160 159
159 194
194 159
160 161
161 160
160 195
195 160
161 162
162 161
161 196
196 161
162 163
163 162
162 197
197 162
163 164
164 163
163 198
198 163
164 165
165 164
164 199
199 164
165 166
166 165
165 200
200 165
166 167
167 166
166 201
201 166
167 168
168 167
167 202
202 167
168 169
169 168
168 203
203 168
169 170
170 169
169 204
204 169
170 171
171 170
170 205
205 170
171 172
172 171
171 206
206 171
172 173
173 172
172 207
207 172
173 174
174 173
173 208
208 173
174 209
209 174
175 176
176 175
175 210
210 175
176 177
177 176
176 211
211 176
177 178
178 177
177 212
212 177
178 179
179 178
178 213
213 178
179 180
180 179
179 214
214 179
180 181
181 180
180 215
215 180
181 182
182 181
181 216
216 181
182 183
183 182
182 217
217 182
183 184
184 183
183 218
218 183
184 185
185 184
184 219
219 184
185 186
186 185
185 220
220 185
186 187
187 186
186 221
221 186
187 188
188 187
187 222
222 187
188 189
189 188
188 223
223 188
189 190
190 189
189 224
224 189
190 191
191 190
190 225
225 190
191 192
192 191
191 226
226 191
192 193
193 192
192 227
227 192
193 194
194 193
193 228
228 193
194 195
195 194
194 229
229 194
195 196
196 195
195 230
230 195
196 197
197 196
196 231
231 196
197 198
198 197
197 232
232 197
198 199
199 198
198 233
233 198
199 200
200 199
199 234
234 199
200 201
201 200
200 235
235 200
201 202
202 201
201 236
236 201
202 203
203 202
202 237
237 202
203 204
204 203
203 238
238 203
204 205
205 204
204 239
239 204
205 206
206 205
205 240
240 205
206 207
207 206
206 241
241 206
207 208
208 207
207 242
242 207
208 209
209 208
208 243
243 208
209 244
244 209
210 211
211 210
210 245
245 210
211 212
212 211
211 246
246 211
212 213
213 212
212 247
247 212
213 214
214 213
213 248
248 213
214 215
215 214
214 249
249 214
215 216
216 215
215 250
250 215
216 217
217 216
216 251
251 216
217 218
218 217
217 252
252 217
218 219
219 218
218 253
253 218
219 220
220 219
219 254
254 219
220 221
221 220
220 255
255 220
221 222
222 221
221 256
256 221
222 223
223 222
222 257
257 222
223 224
224 223
223 258
258 223
224 225
225 224
224 259
259 224
225 226
226 225
225 260
260 225
226 227
227 226
226 261
261 226
227 228
228 227
227 262
262 227
228 229
229 228
228 263
263 228
229 230
230 229
229 264
264 229
230 231
231 230
230 265
265 230
231 232
232 231
231 266
266 231
232 233
233 232
232 267
267 232
233 234
234 233
233 268
268 233
234 235
235 234
234 269
269 234
235 236
236 235
235 270
270 235
236 237
237 236
236 271
271 236
237 238
238 237
237 272
272 237
238 239
239 238
238 273
273 238
239 240
240 239
239 274
274 239
240 241
241 240
240 275
275 240
241 242
242 241
241 276
276 241
242 243
243 242
242 277
277 242
243 244
244 243
243 278
278 243
244 279
279 244
245 246
246 245
245 280
280 245
246 247
247 246
246 281
281 246
247 248
248 247
247 282
282 247
248 249
249 248
248 283
283 248
249 250
250 249
249 284
284 249
250 251
251 250
250 285
285 250
251 252
252 251
251 286
286 251
252 253
253 252
252 287
287 252
253 254
254 253
253 288
288 253
254 255
255 254
254 289
289 254
255 256
256 255
255 290
290 255
256 257
257 256
256 291
291 256
257 258
258 257
257 292
292 257
258 259
259 258
258 293
293 258
259 260
260 259
259 294
294 259
260 261
261 260
260 295
295 260
261 262
262 261
261 296
296 261
262 263
263 262
262 297
297 262
263 264
264 263
263 298
298 263
264 265
265 264
264 299
299 264
265 266
266 265
265 300
300 265
266 267
267 266
266 301
301 266
267 268
268 267
267 302
302 267
268 269
269 268
268 303
303 268
269 270
270 269
269 304
304 269
270 271
271 270
270 305
305 270
271 272
272 271
271 306
306 271
272 273
273 272
272 307
307 272
273 274
274 273
273 308
308 273
274 275
275 274
274 309
309 274
275 276
276 275
275 310
310 275
276 277
277 276
276 311
311 276
277 278
278 277
277 312
312 277
278 279
279 278
278 313
313 278
279 314
314 279
280 281
281 280
280 315
315 280
281 282
282 281
281 316
316 281
282 283
283 282
282 317
317 282
283 284
284 283
283 318
318 283
284 285
285 284
284 319
319 284
285 286
286 285
285 320
320 285
286 287
287 286
286 321
321 286
287 288
288 287
287 322
322 287
288 289
289 288
288 323
323 288
289 290
290 289
289 324
324 289
290 291
291 290
290 325
325 290
291 292
292 291
291 326
326 291
292 293
293 292
292 327
327 292
293 294
294 293
293 328
328 293
294 295
295 294
294 329
329 294
295 296
296 295
295 330
330 295
296 297
297 296
296 331
331 296
297 298
298 297
297 332
332 297
298 299
299 298
298 333
333 298
299 300
300 299
299 334
334 299
300 301
301 300
300 335
335 300
301 302
302 301
301 336
336 301
302 303
303 302
302 337
337 302
303 304
304 303
303 338
338 303
304 305
305 304
304 339
339 304
305 306
306 305
305 340
340 305
306 307
307 306
306 341
341 306
307 308
308 307
307 342
342 307
308 309
309 308
308 343
343 308
309 310
310 309
309 344
344 309
310 311
311 310
310 345
345 310
311 312
312 311
311 346
346 311
312 313
313 312
312 347
347 312
313 314
314 313
313 348
348 313
314 349
349 314
315 316
316 315
315 350
350 315
316 317
317 316
316 351
351 316
317 318
318 317
317 352
352 317
318 319
319 318
318 353
353 318
319 320
320 319
319 354
354 319
320 321
321 320
320 355
355 320
321 322
322 321
321 356
356 321
322 323
323 322
322 357
357 322
323 324
324 323
323 358
358 323
324 325
325 324
324 359
359 324
325 326
326 325
325 360
360 325
326 327
327 326
326 361
361 326
327 328
328 327
327 362
362 327
328 329
329 328
328 363
363 328
329 330
330 329
329 364
364 329
330 331
331 330
330 365
365 330
331 332
332 331
331 366
366 331
332 333
333 332
332 367
367 332
333 334
334 333
333 368
368 333
334 335
335 334
334 369
369 334
335 336
336 335
335 370
370 335
336 337
337 336
336 371
371 336
337 338
338 337
337 372
372 337
338 339
339 338
338 373
373 338
339 340
340 339
339 374
374 339
340 341
341 340
340 375
375 340
341 342
342 341
341 376
376 341
342 343
343 342
342 377
377 342
343 344
344 343
343 378
378 343
344 345
345 344
344 379
379 344
345 346
346 345
345 380
380 345
346 347
347 346
346 381
381 346
347 348
348 347
347 382
382 347
348 349
349 348
348 383
383 348
349 384
384 349
350 351
351 350
350 385
385 350
351 352
352 351
351 386
386 351
352 353
353 352
352 387
387 352
353 354
354 353
353 388
388 353
354 355
355 354
354 389
389 354
355 356
356 355
355 390
390 355
356 357
357 356
356 391
391 356
357 358
358 357
357 392
392 357
358 359
359 358
358 393
393 358
359 360
360 359
359 394
394 359
360 361
361 360
360 395
395 360
361 362
362 361
361 396
396 361
362 363
363 362
362 397
397 362
363 364
364 363
363 398
398 363
364 365
365 364
364 399
399 364
365 366
366 365
365 400
400 365
366 367
367 366
366 401
401 366
367 368
368 367
367 402
402 367
368 369
369 368
368 403
403 368
369 370
370 369
369 404
404 369
370 371
371 370
370 405
405 370
371 372
372 371
371 406
406 371
372 373
373 372
372 407
407 372
373 374
374 373
373 408
408 373
374 375
375 374
374 409
409 374
375 376
376 375
375 410
410 375
376 377
377 376
376 411
411 376
377 378
378 377
377 412
412 377
378 379
379 378
378 413
413 378
379 380
380 379
379 414
414 379
380 381
381 380
380 415
415 380
381 382
382 381
381 416
416 381
382 383
383 382
382 417
417 382
383 384
384 383
383 418
418 383
384 419
419 384
385 386
386 385
385 420
420 385
386 387
387 386
386 421
421 386
387 388
388 387
387 422
422 387
388 389
389 388
388 423
423 388
389 390
390 389
389 424
424 389
390 391
391 390
390 425
425 390
391 392
392 391
391 426
426 391
392 393
393 392
392 427
427 392
393 394
394 393
393 428
428 393
394 395
395 394
394 429
429 394
395 396
396 395
395 430
430 395
396 397
397 396
396 431
431 396
397 398
398 397
397 432
432 397
398 399
399 398
398 433
433 398
399 400
400 399
399 434
434 399
400 401
401 400
400 435
435 400
401 402
402 401
401 436
436 401
402 403
403 402
402 437
437 402
403 404
404 403
403 438
438 403
404 405
405 404
404 439
439 404
405 406
406 405
405 440
440 405
406 407
407 406
406 441
441 406
407 408
408 407
407 442
442 407
408 409
409 408
408 443
443 408
409 410
410 409
409 444
444 409
410 411
411 410
410 445
445 410
411 412
412 411
411 446
446 411
412 413
413 412
412 447
447 412
413 414
414 413
413 448
448 413
414 415
415 414
414 449
449 414
415 416
416 415
415 450
450 415
416 417
417 416
416 451
451 416
417 418
418 417
417 452
452 417
418 419
419 418
418 453
453 418
419 454
454 419
420 421
421 420
420 455
455 420
421 422
422 421
421 456
456 421
422 423
423 422
422 457
457 422
423 424
424 423
423 458
458 423
424 425
425 424
424 459
459 424
425 426
426 425
425 460
460 425
426 427
427 426
426 461
461 426
427 428
428 427
427 462
462 427
428 429
429 428
428 463
463 428
429 430
430 429
429 464
464 429
430 431
431 430
430 465
465 430
431 432
432 431
431 466
466 431
432 433
433 432
432 467
467 432
433 434
434 433
433 468
468 433
434 435
435 434
434 469
469 434
435 436
436 435
435 470
470 435
436 437
437 436
436 471
471 436
437 438
438 437
437 472
472 437
438 439
439 438
438 473
473 438
439 440
440 439
439 474
474 439
440 441
441 440
440 475
475 440
441 442
442 441
441 476
476 441
442 443
443 442
442 477
477 442
443 444
444 443
443 478
478 443
444 445
445 444
444 479
479 444
445 446
446 445
445 480
480 445
446 447
447 446
446 481
481 446
447 448
448 447
447 482
482 447
448 449
449 448
448 483
483 448
449 450
450 449
449 484
484 449
450 451
451 450
450 485
485 450
451 452
452 451
451 486
486 451
452 453
453 452
452 487
487 452
453 454
454 453
453 488
488 453
454 489
489 454
455 456
456 455
455 490
490 455
456 457
457 456
456 491
491 456
457 458
458 457
457 492
492 457
458 459
459 458
458 493
493 458
459 460
460 459
459 494
494 459
460 461
461 460
460 495
495 460
461 462
462 461
461 496
496 461
462 463
463 462
462 497
497 462
463 464
464 463
463 498
498 463
464 465
465 464
464 499
499 464
465 466
466 465
465 500
500 465
466 467
467 466
466 501
501 466
467 468
468 467
467 502
502 467
468 469
469 468
468 503
503 468
469 470
470 469
469 504
504 469
470 471
471 470
470 505
505 470
471 472
472 471
471 506
506 471
472 473
473 472
472 507
507 472
473 474
474 473
473 508
508 473
474 475
475 474
474 509
509 474
475 476
476 475
475 510
510 475
476 477
477 476
476 511
511 476
477 478
478 477
477 512
512 477
478 479
479 478
478 513
513 478
479 480
480 479
479 514
514 479
480 481
481 480
480 515
515 480
481 482
482 481
481 516
516 481
482 483
483 482
482 517
517 482
483 484
484 483
483 518
518 483
484 485
485 484
484 519
519 484
485 486
486 485
485 520
520 485
486 487
487 486
486 521
521 486
487 488
488 487
487 522
522 487
488 489
489 488
488 523
523 488
489 524
524 489
490 491
491 490
490 525
525 490
491 492
492 491
491 526
526 491
492 493
493 492
492 527
527 492
493 494
494 493
493 528
528 493
494 495
495 494
494 529
529 494
495 496
496 495
495 530
530 495
496 497
497 496
496 531
531 496
497 498
498 497
497 532
532 497
498 499
499 498
498 533
533 498
499 500
500 499
499 534
534 499
500 501
501 500
500 535
535 500
501 502
502 501
501 536
536 501
502 503
503 502
502 537
537 502
503 504
504 503
503 538
538 503
504 505
505 504
504 539
539 504
505 506
506 505
505 540
540 505
506 507
507 506
506 541
541 506
507 508
508 507
507 542
542 507
508 509
509 508
508 543
543 508
509 510
510 509
509 544
544 509
510 511
511 510
510 545
545 510
511 512
512 511
511 546
546 511
512 513
513 512
512 547
547 512
513 514
514 513
513 548
548 513
514 515
515 514
514 549
549 514
515 516
516 515
515 550
550 515
516 517
517 516
516 551
551 516
517 518
518 517
517 552
552 517
518 519
519 518
518 553
553 518
519 520
520 519
519 554
554 519
520 521
521 520
520 555
555 520
521 522
522 521
521 556
556 521
522 523
523 522
522 557
557 522
523 524
524 523
523 558
558 523
524 559
559 524
525 526
526 525
525 560
560 525
526 527
527 526
526 561
561 526
527 528
528 527
527 562
562 527
528 529
529 528
528 563
563 528
529 530
530 529
529 564
564 529
530 531
531 530
530 565
565 530
531 532
532 531
531 566
566 531
532 533
533 532
532 567
567 532
533 534
534 533
533 568
568 533
534 535
535 534
534 569
569 534
535 536
536 535
535 570
570 535
536 537
537 536
536 571
571 536
537 538
538 537
537 572
572 537
538 539
539 538
538 573
573 538
539 540
540 539
539 574
574 539
540 541
541 540
540 575
575 540
541 542
542 541
541 576
576 541
542 543
543 542
542 577
577 542
543 544
544 543
543 578
578 543
544 545
545 544
544 579
579 544
545 546
546 545
545 580
580 545
546 547
547 546
546 581
581 546
547 548
548 547
547 582
582 547
548 549
549 548
548 583
583 548
549 550
550 549
549 584
584 549
550 551
551 550
550 585
585 550
551 552
552 551
551 586
586 551
552 553
553 552
552 587
587 552
553 554
554 553
553 588
588 553
554 555
555 554
554 589
589 554
555 556
556 555
555 590
590 555
556 557
557 556
556 591
591 556
557 558
558 557
557 592
592 557
558 559
559 558
558 593
593 558
559 594
594 559
560 561
561 560
560 595
595 560
561 562
562 561
561 596
596 561
562 563
563 562
562 597
597 562
563 564
564 563
563 598
598 563
564 565
565 564
564 599
599 564
565 566
566 565
565 600
600 565
566 567
567 566
566 601
601 566
567 568
568 567
567 602
602 567
568 569
569 568
568 603
603 568
569 570
570 569
569 604
604 569
570 571
571 570
570 605
605 570
571 572
572 571
571 606
606 571
572 573
573 572
572 607
607 572
573 574
574 573
573 608
608 573
574 575
575 574
574 609
609 574
575 576
576 575
575 610
610 575
576 577
577 576
576 611
611 576
577 578
578 577
577 612
612 577
578 579
579 578
578 613
613 578
579 580
580 579
579 614
614 579
580 581
581 580
580 615
615 580
581 582
582 581
581 616
616 581
582 583
583 582
582 617
617 582
583 584
584 583
583 618
618 583
584 585
585 584
584 619
619 584
585 586
586 585
585 620
620 585
586 587
587 586
586 621
621 586
587 588
588 587
587 622
622 587
588 589
589 588
588 623
623 588
589 590
590 589
589 624
624 589
590 591
591 590
590 625
625 590
591 592
592 591
591 626
626 591
592 593
593 592
592 627
627 592
593 594
594 593
593 628
628 593
594 629
629 594
595 596
596 595
595 630
630 595
596 597
597 596
596 631
631 596
597 598
598 597
597 632
632 597
598 599
599 598
598 633
633 598
599 600
600 599
599 634
634 599
600 601
601 600
600 635
635 600
601 602
602 601
601 636
636 601
602 603
603 602
602 637
637 602
603 604
604 603
603 638
638 603
604 605
605 604
604 639
639 604
605 606
606 605
605 640
640 605
606 607
607 606
606 641
641 606
607 608
608 607
607 642
642 607
608 609
609 608
608 643
643 608
609 610
610 609
609 644
644 609
610 611
611 610
610 645
645 610
611 612
612 611
611 646
646 611
612 613
613 612
612 647
647 612
613 614
614 613
613 648
648 613
614 615
615 614
614 649
649 614
615 616
616 615
615 650
650 615
616 617
617 616
616 651
651 616
617 618
618 617
617 652
652 617
618 619
619 618
618 653
653 618
619 620
620 619
619 654
654 619
620 621
621 620
620 655
655 620
621 622
622 621
621 656
656 621
622 623
623 622
622 657
657 622
623 624
624 623
623 658
658 623
624 625
625 624
624 659
659 624
625 626
626 625
625 660
660 625
626 627
627 626
626 661
661 626
627 628
628 627
627 662
662 627
628 629
629 628
628 663
663 628
629 664
664 629
630 631
631 630
630 665
665 630
631 632
632 631
631 666
666 631
632 633
633 632
632 667
667 632
633 634
634 633
633 668
668 633
634 635
635 634
634 669
669 634
635 636
636 635
635 670
670 635
636 637
637 636
636 671
671 636
637 638
638 637
637 672
672 637
638 639
639 638
638 673
673 638
639 640
640 639
639 674
674 639
640 641
641 640
640 675
675 640
641 642
642 641
641 676
676 641
642 643
643 642
642 677
677 642
643 644
644 643
643 678
678 643
644 645
645 644
644 679
679 644
645 646
646 645
645 680
680 645
646 647
647 646
646 681
681 646
647 648
648 647
647 682
682 647
648 649
649 648
648 683
683 648
649 650
650 649
649 684
684 649
650 651
651 650
650 685
685 650
651 652
652 651
651 686
686 651
652 653
653 652
652 687
687 652
653 654
654 653
653 688
688 653
654 655
655 654
654 689
689 654
655 656
656 655
655 690
690 655
656 657
657 656
656 691
691 656
657 658
658 657
657 692
692 657
658 659
659 658
658 693
693 658
659 660
660 659
659 694
694 659
660 661
661 660
660 695
695 660
661 662
662 661
661 696
696 661
662 663
663 662
662 697
697 662
663 664
664 663
663 698
698 663
664 699
699 664
665 666
666 665
666 667
667 666
667 668
668 667
668 669
669 668
669 670
670 669
670 671
671 670
671 672
672 671
672 673
673 672
673 674
674 673
674 675
675 674
675 676
676 675
676 677
677 676
677 678
678 677
678 679
679 678
679 680
680 679
680 681
681 680
681 682
682 681
682 683
683 682
683 684
684 683
684 685
685 684
685 686
686 685
686 687
687 686
687 688
688 687
688 689
689 688
689 690
690 689
690 691
691 690
691 692
692 691
692 693
693 692
693 694
694 693
694 695
695 694
695 696
696 695
696 697
697 696
697 698
698 697
698 699
699 698