0 1
1 0
1 2
2 1
2 3
3 2
3 4
4 3
4 5
5 4
5 6
6 5
6 7
7 6
7 8
8 7
8 9
9 8
9 10
10 9
10 11
11 10
11 12
12 11
12 13
13 12
13 14
14 13
14 15
15 14
15 16
16 15
16 17
17 16
17 18
18 17
18 19
19 18
19 20
20 19
20 21
21 20
21 22
22 21
22 23
23 22
23 24
24 23
24 25
25 24
25 26
26 25
26 27
27 26
27 28
28 27
28 29
29 28
29 30
30 29
30 31
31 30
31 32
32 31
32 33
33 32
33 34
34 33
34 69
69 34
69 68
68 69
68 67
67 68
67 66
66 67
66 65
65 66
65 64
64 65
64 63
63 64
63 62
62 63
62 61
61 62
61 60
60 61
60 59
59 60
59 58
58 59
58 57
57 58
57 56
56 57
56 55
55 56
55 54
54 55
54 53
53 54
53 52
52 53
52 51
51 52
51 50
50 51
50 49
49 50
49 48
48 49
48 47
47 48
47 46
46 47
46 45
45 46
45 44
44 45
44 43
43 44
43 42
42 43
42 41
41 42
41 40
40 41
40 39
39 40
39 38
38 39
38 37
37 38
37 36
36 37
36 35
35 36
35 70
70 35
70 71
71 70
71 72
72 71
72 73
73 72
73 74
74 73
74 75
75 74
75 76
76 75
76 77
77 76
77 78
78 77
78 79
79 78
79 80
80 79
80 81
81 80
81 82
82 81
82 83
83 82
83 84
84 83
84 85
85 84
85 86
86 85
86 87
87 86
87 88
88 87
88 89
89 88
89 90
90 89
90 91
91 90
91 92
92 91
92 93
93 92
93 94
94 93
94 95
95 94
95 96
96 95
96 97
97 96
97 98
98 97
98 99
99 98
99 100
100 99
100 101
101 100
101 102
102 101
102 103
103 102
103 104
104 103
104 139
139 104
139 138
138 139
138 137
137 138
137 136
136 137
136 135
135 136
135 134
134 135
134 133
133 134
133 132
132 133
132 131
131 132
131 130
130 131
130 129
129 130
129 128
128 129
128 127
127 128
127 126
126 127
126 125
125 126
125 124
124 125
124 123
123 124
123 122
122 123
122 121
121 122
121 120
120 121
120 119
119 120
119 118
118 119
118 117
117 118
117 116
116 117
116 115
115 116
115 114
114 115
114 113
113 114
113 112
112 113
112 111
111 112
111 110
110 111
110 109
109 110
109 108
108 109
108 107
107 108
107 106
106 107
106 105
105 106
105 140
140 105
140 141
141 140
141 142
142 141
142 143
143 142
143 144
144 143
144 145
145 144
145 146
146 145
146 147
147 146
147 148
148 147
148 149
149 148
149 150
150 149
150 151
151 150
151 152
152 151
152 153
153 152
153 154
154 153
154 155
155 154
155 156
156 155
156 157
157 156
157 158
158 157
158 159
159 158
159 160
160 159
160 161
161 160
161 162
162 161
162 163
163 162
163 164
164 163
164 165
165 164
165 166
166 165
166 167
167 166
167 168
168 167
168 169
169 168
169 170
170 169
170 171
171 170
171 172
172 171
172 173
173 172
173 174
174 173
174 209
209 174
209 208
208 209
208 207
207 208
207 206
206 207
206 205
205 206
205 204
204 205
204 203
203 204
203 202
202 203
202 201
201 202
201 200
200 201
200 199
199 200
199 198
198 199
198 197
197 198
197 196
196 197
196 195
195 196
195 194
194 195
194 193
193 194
193 192
192 193
192 191
191 192
191 190
190 191
190 189
189 190
189 188
188 189
188 187
187 188
187 186
186 187
186 185
185 186
185 184
184 185
184 183
183 184
183 182
182 183
182 181
181 182
181 180
180 181
180 179
179 180
179 178
178 179
178 177
177 178
177 176
176 177
176 175
175 176
175 210
210 175
210 211
211 210
211 212
212 211
212 213
213 212
213 214
214 213
214 215
215 214
215 216
216 215
216 217
217 216
217 218
218 217
218 219
219 218
219 220
220 219
220 221
221 220
221 222
222 221
222 223
223 222
223 224
224 223
224 225
225 224
225 226
226 225
226 227
227 226
227 228
228 227
228 229
229 228
229 230
230 229
230 231
231 230
231 232
232 231
232 233
233 232
233 234
234 233
234 235
235 234
235 236
236 235
236 237
237 236
237 238
238 237
238 239
239 238
239 240
240 239
240 241
241 240
241 242
242 241
242 243
243 242
243 244
244 243
244 279
279 244
279 278
278 279
278 277
277 278
277 276
276 277
276 275
275 276
275 274
274 275
274 273
273 274
273 272
272 273
272 271
271 272
271 270
270 271
270 269
269 270
269 268
268 269
268 267
267 268
267 266
266 267
266 265
265 266
265 264
264 265
264 263
263 264
263 262
262 263
262 261
261 262
261 260
260 261
260 259
259 260
259 258
258 259
258 257
257 258
257 256
256 257
256 255
255 256
255 254
254 255
254 253
253 254
253 252
252 253
252 251
251 252
251 250
250 251
250 249
249 250
249 248
248 249
248 247
247 248
247 246
246 247
246 245
245 246
245 280
280 245
280 281
281 280
281 282
282 281
282 283
283 282
283 284
284 283
284 285
285 284
285 286
286 285
286 287
287 286
287 288
288 287
288 289
289 288
289 290
290 289
290 291
291 290
291 292
292 291
292 293
293 292
293 294
294 293
294 295
295 294
295 296
296 295
296 297
297 296
297 298
298 297
298 299
299 298
299 300
300 299
300 301
301 300
301 302
302 301
302 303
303 302
303 304
304 303
304 305
305 304
305 306
306 305
306 307
307 306
307 308
308 307
308 309
309 308
309 310
310 309
310 311
311 310
311 312
312 311
312 313
313 312
313 314
314 313
314 349
349 314
349 348
348 349
348 347
347 348
347 346
346 347
346 345
345 346
345 344
344 345
344 343
343 344
343 342
342 343
342 341
341 342
341 340
340 341
340 339
339 340
339 338
338 339
338 337
337 338
337 336
336 337
336 335
335 336
335 334
334 335
334 333
333 334
333 332
332 333
332 331
331 332
331 330
330 331
330 329
329 330
329 328
328 329
328 327
327 328
327 326
326 327
326 325
325 326
325 324
324 325
324 323
323 324
323 322
322 323
322 321
321 322
321 320
320 321
320 319
319 320
319 318
318 319
318 317
317 318
317 316
316 317
316 315
315 316
315 350
350 315
350 351
351 350
351 352
352 351
352 353
353 352
353 354
354 353
354 355
355 354
355 356
356 355
356 357
357 356
357 358
358 357
358 359
359 358
359 360
360 359
360 361
361 360
361 362
362 361
362 363
363 362
363 364
364 363
364 365
365 364
365 366
366 365
366 367
367 366
367 368
368 367
368 369
369 368
369 370
370 369
370 371
371 370
371 372
372 371
372 373
373 372
373 374
374 373
374 375
375 374
375 376
376 375
376 377
377 376
377 378
378 377
378 379
379 378
379 380
380 379
380 381
381 380
381 382
382 381
382 383
383 382
383 384
384 383
384 419
419 384
419 418
418 419
418 417
417 418
417 416
416 417
416 415
415 416
415 414
414 415
414 413
413 414
413 412
412 413
412 411
411 412
411 410
410 411
410 409
409 410
409 408
408 409
408 407
407 408
407 406
406 407
406 405
405 406
405 404
404 405
404 403
403 404
403 402
402 403
402 401
401 402
401 400
400 401
400 399
399 400
399 398
398 399
398 397
397 398
397 396
396 397
396 395
395 396
395 394
394 395
394 393
393 394
393 392
392 393
392 391
391 392
391 390
390 391
390 389
389 390
389 388
388 389
388 387
387 388
387 386
386 387
386 385
385 386
385 420
420 385
420 421
421 420
421 422
422 421
422 423
423 422
423 424
424 423
424 425
425 424
425 426
426 425
426 427
427 426
427 428
428 427
428 429
429 428
429 430
430 429
430 431
431 430
431 432
432 431
432 433
433 432
433 434
434 433
434 435
435 434
435 436
436 435
436 437
437 436
437 438
438 437
438 439
439 438
439 440
440 439
440 441
441 440
441 442
442 441
442 443
443 442
443 444
444 443
444 445
445 444
445 446
446 445
446 447
447 446
447 448
448 447
448 449
449 448
449 450
450 449
450 451
451 450
451 452
452 451
452 453
453 452
453 454
454 453
454 489
489 454
489 488
488 489
488 487
487 488
487 486
486 487
486 485
485 486
485 484
484 485
484 483
483 484
483 482
482 483
482 481
481 482
481 480
480 481
480 479
479 480
479 478
478 479
478 477
477 478
477 476
476 477
476 475
475 476
475 474
474 475
474 473
473 474
473 472
472 473
472 471
471 472
471 470
470 471
470 469
469 470
469 468
468 469
468 467
467 468
467 466
466 467
466 465
465 466
465 464
464 465
464 463
463 464
463 462
462 463
462 461
461 462
461 460
460 461
460 459
459 460
459 458
458 459
458 457
457 458
457 456
456 457
456 455
455 456
455 490
490 455
490 491
491 490
491 492
492 491
492 493
493 492
493 494
494 493
494 495
495 494
495 496
496 495
496 497
497 496
497 498
498 497
498 499
499 498
499 500
500 499
500 501
501 500
501 502
502 501
502 503
503 502
503 504
504 503
504 505
505 504
505 506
506 505
506 507
507 506
507 508
508 507
508 509
509 508
509 510
510 509
510 511
511 510
511 512
512 511
512 513
513 512
513 514
514 513
514 515
515 514
515 516
516 515
516 517
517 516
517 518
518 517
518 519
519 518
519 520
520 519
520 521
521 520
521 522
522 521
522 523
523 522
523 524
524 523
524 559
559 524
559 558
558 559
558 557
557 558
557 556
556 557
556 555
555 556
555 554
554 555
554 553
553 554
553 552
552 553
552 551
551 552
551 550
550 551
550 549
549 550
549 548
548 549
548 547
547 548
547 546
546 547
546 545
545 546
545 544
544 545
544 543
543 544
543 542
542 543
542 541
541 542
541 540
540 541
540 539
539 540
539 538
538 539
538 537
537 538
537 536
536 537
536 535
535 536
535 534
534 535
534 533
533 534
533 532
532 533
532 531
531 532
531 530
530 531
530 529
529 530
529 528
528 529
528 527
527 528
527 526
526 527
526 525
525 526
525 560
560 525
560 561
561 560
561 562
562 561
562 563
563 562
563 564
564 563
564 565
565 564
565 566
566 565
566 567
567 566
567 568
568 567
568 569
569 568
569 570
570 569
570 571
571 570
571 572
572 571
572 573
573 572
573 574
574 573
574 575
575 574
575 576
576 575
576 577
577 576
577 578
578 577
578 579
579 578
579 580
580 579
580 581
581 580
581 582
582 581
582 583
583 582
583 584
584 583
584 585
585 584
585 586
586 585
586 587
587 586
587 588
588 587
588 589
589 588
589 590
590 589
590 591
591 590
591 592
592 591
592 593
593 592
593 594
594 593
594 629
629 594
629 628
628 629
628 627
627 628
627 626
626 627
626 625
625 626
625 624
624 625
624 623
623 624
623 622
622 623
622 621
621 622
621 620
620 621
620 619
619 620
619 618
618 619
618 617
617 618
617 616
616 617
616 615
615 616
615 614
614 615
614 613
613 614
613 612
612 613
612 611
611 612
611 610
610 611
610 609
609 610
609 608
608 609
608 607
607 608
607 606
606 607
606 605
605 606
605 604
604 605
604 603
603 604
603 602
602 603
602 601
601 602
601 600
600 601
600 599
599 600
599 598
598 599
598 597
597 598
597 596
596 597
596 595
595 596
595 630
630 595
630 631
631 630
631 632
632 631
632 633
633 632
633 634
634 633
634 635
635 634
635 636
636 635
636 637
637 636
637 638
638 637
638 639
639 638
639 640
640 639
640 641
641 640
641 642
642 641
642 643
643 642
643 644
644 643
644 645
645 644
645 646
646 645
646 647
647 646
647 648
648 647
648 649
649 648
649 650
650 649
650 651
651 650
651 652
652 651
652 653
653 652
653 654
654 653
654 655
655 654
655 656
656 655
656 657
657 656
657 658
658 657
658 659
659 658
659 660
660 659
660 661
661 660
661 662
662 661
662 663
663 662
663 664
664 663
664 699
699 664
699 698
698 699
698 697
697 698
697 696
696 697
696 695
695 696
695 694
694 695
694 693
693 694
693 692
692 693
692 691
691 692
691 690
690 691
690 689
689 690
689 688
688 689
688 687
687 688
687 686
686 687
686 685
685 686
685 684
684 685
684 683
683 684
683 682
682 683
682 681
681 682
681 680
680 681
680 679
679 680
679 678
678 679
678 677
677 678
677 676
676 677
676 675
675 676
675 674
674 675
674 673
673 674
673 672
672 673
672 671
671 672
671 670
670 671
670 669
669 670
669 668
668 669
668 667
667 668
667 666
666 667
666 665
665 666