0 1
1 0
1 2
2 1
2 3
3 2
3 4
4 3
4 5
5 4
5 6
6 5
6 7
7 6
7 8
8 7
8 9
9 8
9 10
10 9
10 11
11 10
11 12
12 11
12 13
13 12
13 14
14 13
14 15
15 14
15 16
16 15
16 17
17 16
17 18
18 17
18 19
19 18
19 20
20 19
20 21
21 20
21 22
22 21
22 23
23 22
23 24
24 23
24 25
25 24
25 26
26 25
26 27
27 26
27 28
28 27
28 29
29 28
29 30
30 29
30 31
31 30
31 32
32 31
32 33
33 32
33 34
34 33
34 69
69 34
69 104
104 69
104 139
139 104
139 174
174 139
174 209
209 174
209 244
244 209
244 279
279 244
279 314
314 279
314 349
349 314
349 384
384 349
384 419
419 384
419 454
454 419
454 489
489 454
489 524
524 489
524 559
559 524
559 594
594 559
594 629
629 594
629 664
664 629
664 699
699 664
0 35
35 0
35 70
70 35
5 40
40 5
40 75
75 40
10 45
45 10
45 80
80 45
15 50
50 15
50 85
85 50
20 55
55 20
55 90
90 55
25 60
60 25
60 95
95 60
30 65
65 30
65 100
100 65
70 105
105 70
105 140
140 105
75 110
110 75
110 145
145 110
80 115
115 80
115 150
150 115
85 120
120 85
120 155
155 120
90 125
125 90
125 160
160 125
95 130
130 95
130 165
165 130
100 135
135 100
135 170
170 135
140 175
175 140
175 210
210 175
145 180
180 145
180 215
215 180
150 185
185 150
185 220
220 185
155 190
190 155
190 225
225 190
160 195
195 160
195 230
230 195
165 200
200 165
200 235
235 200
170 205
205 170
205 240
240 205
210 245
245 210
245 280
280 245
215 250
250 215
250 285
285 250
220 255
255 220
255 290
290 255
225 260
260 225
260 295
295 260
230 265
265 230
265 300
300 265
235 270
270 235
270 305
305 270
240 275
275 240
275 310
310 275
280 315
315 280
315 350
350 315
285 320
320 285
320 355
355 320
290 325
325 290
325 360
360 325
295 330
330 295
330 365
365 330
300 335
335 300
335 370
370 335
305 340
340 305
340 375
375 340
310 345
345 310
345 380
380 345
350 385
385 350
385 420
420 385
355 390
390 355
390 425
425 390
360 395
395 360
395 430
430 395
365 400
400 365
400 435
435 400
370 405
405 370
405 440
440 405
375 410
410 375
410 445
445 410
380 415
415 380
415 450
450 415
420 455
455 420
455 490
490 455
425 460
460 425
460 495
495 460
430 465
465 430
465 500
500 465
435 470
470 435
470 505
505 470
440 475
475 440
475 510
510 475
445 480
480 445
480 515
515 480
450 485
485 450
485 520
520 485
490 525
525 490
525 560
560 525
495 530
530 495
530 565
565 530
500 535
535 500
535 570
570 535
505 540
540 505
540 575
575 540
510 545
545 510
545 580
580 545
515 550
550 515
550 585
585 550
520 555
555 520
555 590
590 555
560 595
595 560
595 630
630 595
565 600
600 565
600 635
635 600
570 605
605 570
605 640
640 605
575 610
610 575
610 645
645 610
580 615
615 580
615 650
650 615
585 620
620 585
620 655
655 620
590 625
625 590
625 660
660 625
630 665
665 630
635 670
670 635
640 675
675 640
645 680
680 645
650 685
685 650
655 690
690 655
660 695
695 660